26.322808381734777
26.37406295599125
26.441835025213646
26.503602384633943
26.56384739374203
26.628615934913864
26.69337921961437
26.750619078541376
26.804823281152306
26.851507941124133
26.90569834266957
26.974882800303046
27.03516810143056
27.08183931742306
27.160198626253923
27.214356415464316
27.27159045286619
27.32882610061908
27.390438305457394
27.444563134014377
27.524175700745953
27.573931366257067
27.620572871284033
27.68836929386424
27.73187511998275
27.78908791340745
27.843156907768687
27.910949839624205
27.96816010463823
28.040221261778523
28.09000308048411
28.15462660960926
28.21182911268945
28.29022539886028
28.34423517341216
28.398233280838195
28.469235439393135
28.523220996318745
28.580413857830184
28.644986764730554
28.702173408216243
