0.2441049981512964
0.2565541610226896
0.2716337370741762
0.26111017419167004
0.28600336459924247
0.2787809287093435
0.2901544039410635
0.31756560196442196
0.3189607628586189
0.3345505170818019
0.34495181702194455
0.3552677627450628
0.36213294328365875
0.35117702633903414
0.3878613492233026
0.38649775187833674
0.3793282584327838
0.4192670282091492
0.4508591954464172
0.41264541729219284
0.4498987262330247
0.44882134120318445
0.4666179869684895
0.48177598250059983
0.512505510125976
0.5111562070753144
0.5143762034755376
0.4676731344178532
0.45594306268251067
0.46528619712100117
0.46905767876653326
0.4716323216412079
0.4518799074975702
0.47615200982972017
0.4692758192330042
0.4645660254466637
0.4566902722431025
0.48026372578361953
0.49863478082521123
0.4937281119417462
0.4931372450543876
0.502083822033436
0.5468598413586043
0.5666582157740374
0.5720763393007593
0.5444893914483616
0.5432844798316155
0.5532053309142302
0.5474199271234275
0.5768835849445146
0.6154891475310144
0.6045383441145672
0.560041827219833
0.5329725040341429
0.5569973379537139
0.5460501475147916
0.5780534782828698
0.5445154673303283
0.5003506331864968
0.5703078227978597
0.5425125442984714
0.5416643614474912
0.5427993776298892
0.5402897715195266
0.5614465008864297
0.5124547657004178
0.48463692101271194
0.513723036529308
0.515256306723527
0.5342687593068044
0.559895901259651
0.5968427473226254
0.560529609616295
0.580267896459513
0.567684483221099
0.5954694274262987
0.5524803955716404
0.5820181802211416
0.583158466411924
0.5896029343843102
0.5671718994282822
0.5448429659989104
0.5825263287813796
0.5263012095681588
0.5593490232953338
0.5451989038082218
0.5106428829744093
0.48877583195600766
0.5033355614667415
0.49987843084296646
0.47709781399622564
0.4513042710558929
0.48142676540002305
0.5219106493515153
0.459810249073884
0.4990752506833853
0.4831382792446494
0.456942133069021
0.42884176249407197
0.398380574058314
0.4371422524428737
0.4437859923555565
0.43577279193794927
0.442375940311668
0.4067979332623227
0.3973027181771618
0.3820693576869264
0.36420990762393235
0.3818620502604703
0.3540719155823013
0.3653119907492665
0.3522320797161491
0.3766781020806002
0.3458342640565835
0.388598341846563
0.38458288335476287
0.3077757133284272
0.3498071264527869
0.3764983220069755
0.3607665984132454
0.34671652827941063
0.3283160093028691
0.3166054283341889
0.31362972583336063
0.30266100877568214
0.3243551777543613
0.3088346073151428
0.3062449504520088
0.2784588601852897
0.3010039525961017
0.2915991754808487
0.27935336017485635
0.2385346442277612
0.19998043863681234
0.1878449290660259
0.17770010780454754
0.17427846549083326
0.1562633010562616
0.15662466983290207
0.15940988030428732
0.15235059583060978
0.154268425772743
0.15775495148284036
0.13752914030173183
0.13402526103837664
0.13278843094305184
0.12079637914775743
0.12199988526279525
0.11912591827294687
0.11686916246282614
0.1117485038010962
0.10514849130433994
0.10792085297390003
0.1087875508900501
0.09902144934509895
0.08393563205738166
0.07774955887786858
0.07199587390791141
0.06529757808388549
0.0627441608868526
0.06253550342864884
0.04782101613843414
0.04604810759684302
0.04574763648603975
0.04200860111046551
0.04505784948441896
0.04424844977781878
0.032071004081799255
0.0263061700648511
0.021708774367575616
0.017211207498246683
0.011878064769176251
0.008520242591224641
0.005456365830712415
0.004068041900105824
0.003871033123808762
0.001318469886041535
-0.0003783386066883306
9.324977658217538e-5
-2.709017645836753e-5
-0.00018513261310858285
0.00010670101625212826
9.435074941316281e-5
0.004519868878740329
0.0037115201115331046
0.006291843479162834
0.0077550439571582456
0.01577298000536455
0.021349000081979506
0.026797698478452387
0.030070171225711526
0.034740646165624
0.034166119341498144
0.030195941115486163
0.028075335122648856
0.0349788118948017
0.03973277657848586
0.047460535852961366
0.057888115939445324
0.055810368884107724
0.06184772061703548
0.07203761376665667
0.07139118590336169
0.07061750660448511
0.07875465212878663
0.09722457072470289
0.10500620400902316
0.10535757697987531
0.11220027327843092
0.12142650092592336
0.1269511649698238
0.12536041901732428
0.12249128151648801
0.1193926388750867
0.1309274947187666
0.13129970882766367
0.1269787056705871
0.16695691723632836
0.19676983908691498
0.21238438954206623
0.2139283251741354
0.22208753526903072
0.24155134252822064
0.263917335676295
0.2674766195182049
0.2896608819719197
0.28910158103903166
0.28365201201026713
0.3017612180559961
0.28197569919185494
0.2868858443498639
0.30412554559413346
0.330467647056848
0.3125854696598654
0.30000740867617276
0.3179271010364465
0.3387637694394909
0.36864198782496227
0.36644515131883976
0.38270581474109977
0.3746670435744385
0.35608513431262384
0.3807738112892555
0.3577931383007711
0.38720149954844846
0.34864577103883526
0.3560488066967771
0.4069244399145667
0.4314017165735563
0.3849922045936691
0.36380008389752583
0.3880909712161515
0.3824867554934026
0.39285279272227536
0.4408491621461496
0.4546834165359796
0.48887300657441835
0.5191720560065258
0.5012328260795194
0.5396791017623963
0.5176523177703346
0.5162949261800495
0.5256074737995405
0.5168631461864684
0.50773576867968
0.5354723564979259
0.5490811168202387
0.5740224092116761
0.5680550156826216
0.6228738627356754
0.6341676972440026
0.6515019534605799
0.6456603051078766
0.6538676742604907
0.638821354994118
0.6906735922572246
0.6643497049447751
0.6373657993916595
0.6626496352630992
0.6207876597054547
0.6138669523233269
0.6378895003699159
0.7036322275324101
0.6979631305380921
0.7319369883389842
0.6536666079459454
0.6745802616363321
0.7406194392125912
0.7005334212403942
0.7224266982157213
0.6760477441278803
0.685672203640847
0.705971138354341
0.791030999215555
0.7344143802575479
0.6747104686850701
0.6752916335566262
0.7061956952351205
0.7075681679570734
0.6891351798453478
0.6894801189150885
0.7197552523798332
0.692210926742187
0.7185967813091404
0.689093722697468
0.6589313870726972
0.6987171313260762
0.7517349915581287
0.7346538076472185
0.6872309380927527
0.6677493933377606
0.6212681013063838
0.6263557802148509
0.6462809846378534
0.6529956314579111
0.6114149062085593
0.6249197190112151
0.6966085724604214
0.6524063103219613
0.640547088149429
0.6362423365080621
0.6533807045886133
0.5907392884467729
0.5358902721437004
0.5572412776287062
0.6056791763891911
0.6514387279035756
0.6042472183897225
0.667345007606219
0.6143700400118864
0.6370227924419465
0.6042221655401467
0.6265227213155721
0.5761431772646043
0.6005726706290534
0.603830014030683
0.5957486840543982
0.5802993836588763
0.5972351956333448
0.5163055483109386
0.5109644620034095
0.525398675789058
0.4742753832238738
0.49065995950919217
0.4855499415999893
0.46248123400471164
0.435916579839915
0.3977004947012264
0.3643614951474415
0.32005625142039423
0.3647599500796632
0.3833884123636382
0.4072429943746723
0.3854579497316148
0.376962845083975
0.33333634295313114
0.3008651650267742
0.29765861091520324
0.2952898729925707
0.30290882176997297
0.28512350223032445
0.28295942991451684
0.28206185381143883
0.252424459528497
0.24754908777824397
0.25785114182907926
0.26872208683166265
0.23795294675602882
0.23176099811953213
0.21924899548964455
0.21225507449875264
0.21646933088875944
0.21327704652929852
0.18316917111330902
0.20334362817143278
0.1757105335079919
0.162197140133353
0.15748033773860975
0.1413199299083706
0.1413454752326341
0.14065249639324837
0.15294118933406242
0.14369100516715572
0.1388322449172412
0.11893129860736773
0.10807594117554642
0.10604866909167447
0.10343173749839159
0.10417046643497868
0.10701635353345164
0.09425633400724134
0.08432048209951103
0.0671289825153712
0.06704994669943842
0.052306253251536594
0.04366324316056876
0.0379207594331954
0.03363938794828311
0.024755679291385734
0.020393221550725628
0.02150496367270324
0.02148644670159588
0.019843819660508133
0.022930681598063562
0.01480543629268631
0.009072971193518069
0.010730378399455953
0.01281523256444781
0.011558622392342063
0.008322403273477658
0.004879031410315475
0.00041885364859694027
0.0045082557257881085
0.0008688854107150108
0.00010105024161979235
-9.534892469809569e-5
0.0010482637340454449
0.0037768898131889323
0.005856530126477652
0.006341141849341717
0.003781833626625925
0.006197733367615501
0.00927943493079349
0.008221887990370273
0.014306003978900677
0.0182719288706486
0.022809006294141475
0.030799897094097035
0.03843861103742006
0.04016205991173807
0.04822449465608528
0.051968382968274114
0.05786036256941147
0.059715022830518646
0.06027775869183821
0.06063077038283728
0.06949340281275838
0.06252435206961844
0.07198134021400296
0.0732092179763586
0.08380845071150439
0.08210725442465987
0.09333961889227721
0.11112311331489381
0.11927030991355739
0.1321784981863605
0.13824059320272367
0.13149755937153856
0.13320849285824468
0.1636531842574215
0.1517003694663466
0.16128750637056255
0.16710929463811647
0.1570093540491636
0.17155686823492752
0.21622757309734794
0.21525214632125736
0.2334144380815118
0.2400708739193031
0.2621161283360058
0.23418873253407319
0.2576223901056784
0.2508610382215533
0.26494890712105584
0.2641299307674751
0.2566620260130578
0.2524324933258502
0.2493753857534284
0.29707758964555164
0.32639636809155714
0.2829048052790399
0.3070902393164803
0.30049424778091877
0.275289540265876
0.28252029216739394
0.25419980350741544
0.29224810373913224
0.3272551777594938
0.36796755420147703
0.3963812301443551
0.45428318729041456
0.45986484711784453
0.39298676547697137
0.3681789853091361
0.3490365610013369
0.37683770378911086
0.43216831334975064
0.43297334224308887
0.43885624789380817
0.3849405472669336
0.4172336226204637
0.40366156597344494
0.45968743775020116
0.4638479581631049
0.46791129034762613
0.497935971682953
0.45860688056061244
0.5470267233616347
0.4972593679962536
0.45422051545020886
0.4394637290124306
0.4665868790078087
0.5453097550923154
0.5844505531976679
0.534224110733335
0.5225196823673306
0.5348123595147574
0.5349566059401556
0.5203494004488197
0.5324948636518694
0.533338774200559
0.565288868645474
0.5818241731052253
0.6129631399076532
0.6614901768920657
0.6272328307750533
0.5648865346955196
0.5618128867619709
0.6220175311961998
0.5964143041300447
0.6070971138810006
0.6132378733644541
0.6297001141971202
0.6217669465459368
0.6082593882388407
0.618430271276752
0.644859189664186
0.602470176882581
0.6809710700340241
0.6760978089803897
0.6655620849198532
0.6991785456770216
0.6955606497727764
0.6522360831292565
0.6394646072589478
0.6541906677861588
0.6883169865059093
0.6696763959233548
0.6969016481389952
0.6509657294542017
0.6170584291377981
0.6556215164533344
0.7123096659905415
0.6452898765084553
0.6663087976647146
0.7102405703879554
0.6591673314524944
0.6550613558612097
0.5875402440256822
0.6105674511649054
0.5989784599219906
0.6161927949692125
0.679951890769546
0.6677835246026212
0.6184926227130837
0.6494730878714023
0.6202835946340651
0.611856005988191
0.5916662547798296
0.5933710051018624
0.5512238066846199
0.5663146125182156
0.5304830954780634
0.5985636346597414
0.5226168712484317
0.5249269925265481
0.5082591715648151
0.46459050481478525
0.47332933466971056
0.48564679269624383
0.5242605157516317
0.5053261292984362
0.4778462583962152
0.45175363806439267
0.438049461490734
0.44574977372194946
0.44322909875636235
0.3952122917394897
0.403323147588564
0.4212531736107185
0.3750773347527239
0.3860838564811372
0.4202846422253823
0.4271025067794639
0.44147710536439183
0.3884706225610178
0.35738901622676117
0.3455138559984457
0.3318067532570426
0.30361601488981316
0.2931368315151358
0.3146075379130595
0.36040949007974776
0.33571450148486126
0.33855320918970505
0.3471179518474131
0.33532873021162224
0.33886258526504276
0.30624172347124456
0.28982049244606917
0.2791700172333003
0.25438841387193994
0.2312873037920187
0.2582811559357837
0.24316861392105224
0.22411007538445185
0.2265856151972767
0.2168309500031568
0.19938382295340387
0.19393617878659675
0.1858007191945177
0.19032951490029895
0.181976529777675
0.14770590168284692
0.1366051951484916
0.14411897948117952
0.1271424886560536
0.1336724580933252
0.12433778835722384
0.11676355421247024
0.10259733572071728
0.08873688973844548
0.09034090984138567
0.09163665698564791
0.0913070725709461
0.08047119258465471
0.06810963143698655
0.05695769990955632
0.05795593149982328
0.05376979181454604
0.03614614578995133
0.02663715960367848
0.03562084931275885
0.044365733231926746
0.037781701083305884
0.03510870515396216
0.032287220239887206
0.02850355155172339
0.02391869212403282
0.026204227058206415
0.02419547237468804
0.011273292300945507
0.016419976540782557
0.013557916587756017
0.007796978628608947
0.0044401012019865535
0.004454343670807005
0.003757453593281337
0.007303302351007462
0.004440148044529832
0.004203048126013776
0.0037809028175248205
0.003960505066534698
0.0005863567410344174
0.0031860104542969017
0.003881958809575143
0.007791228533362051
0.0069842603988566265
0.013267976524367706
0.01567196010861912
0.018843874938704094
0.016906379571107768
0.016991394531788856
0.02059062882833026
0.022982425449997936
0.026069282540583914
0.03212311754563054
0.04016428769528836
0.035339838887989965
0.04549884652698876
0.047675755157303455
0.054691610569200556
0.06790579708365281
0.07502743366069635
0.07123218225035725
0.07389732210300679
0.09045862204801262
0.08635995498706413
0.09067377053657863
0.10695526094113646
0.10108770513832403
0.09934250897931002
0.11110528759694802
0.11268613468124568
0.14406300706620367
0.12989135589529882
0.1277543957285077
0.13641155466658605
0.14505771079227653
0.16033394115818436
0.16429617443495428
0.16495640606671977
0.16542397323554978
0.17564796042362107
0.18496876050397695
0.22403312986850138
0.2218540246429895
0.2152269250608418
0.22710161957475083
0.240170529331538
0.2624540566065262
0.2615783684384359
0.2639855787514318
0.2916441336984751
0.2461766363751613
0.31643770817122396
0.3031536694979624
0.30064563064046357
0.30876580091351596
0.31110521840303085
0.2896905116721309
0.2830969946276674
0.2819757571574348
0.31111456356027
0.35812897879808225
0.363148785919466
0.3772436429473555
0.3881739945431923
0.44264219674783595
0.3751884564489128
0.36664087439179227
0.3362162707492074
0.3228941204320639
0.3288677421997162
0.3747918638111075
0.4051654031655623
0.40143702579960333
0.4169139118713802
0.43300257685549387
0.46248765884860826
0.45918627341112417
0.43015011515264256
0.45306776849460045
0.489825986421373
0.46622465716184663
0.4381230850640569
0.4774354392941269
0.5203660201642504
0.5151756488924578
0.5216037894838494
0.5710712681345045
0.5640338871673909
0.5373361521057697
0.6364555021631066
0.644290065938873
0.6121109043406281
0.7029961811210665
0.687110615153298
0.6692455968024089
0.6762825253664517
0.6483519212224441
0.6758891948178261
0.6928810877117232
0.7129131782528648
0.7349633769396042
0.7548891907871133
0.8089507109537035
0.743834946654874
0.6881737628302801
0.6373034401549698
0.6732825101918735
0.6679297083095916
0.6867820737149066
0.7084337554131207
0.780167587401893
0.6835152114083264
0.6391317194433075
0.611323497080172
0.63848169034806
0.663702183708526
0.6553379457259758
0.6312382635389524
0.6626233324253327
0.6391940787784074
0.6162275576487238
0.6128419057624587
0.6652665915206039
0.5988664844668182
0.6561079383284586
0.6815819323002142
0.6362946051246989
0.6719762729057741
0.5897751239211956
0.616477070161153
0.5691794577016743
0.5884009043974981
0.5707663146972889
0.6144997893692137
0.6161207982559908
0.6003890868902151
0.5996139372707766
0.6370644634784285
0.6250175154720949
0.5509172106875412
0.5528341627488054
0.5614994548653196
0.5223624907776914
0.5212239024640793
0.5445063946847314
0.5702504669141287
0.5530313992312186
0.5587983988495133
0.5175329395697554
0.5594130793047076
0.49646191903993464
0.4989832304396631
0.5049632123254413
0.5358856678947966
0.5234748826988617
0.5339839665725852
0.5288297829150178
0.5032751891786661
0.5250178849833241
0.48613850432586386
0.4671455640551843
0.45289000170198357
0.49979456460430427
0.4607661418859216
0.4115659419092024
0.3978156310700051
0.39075727993843024
0.4524710838750839
0.3775436584269454
0.37385237292265144
0.37031884958811273
0.37659824061183617
0.3491798120114089
0.336549679857987
0.3219726930298705
0.3148326923111233
0.2686982381819232
0.2878582917389177
0.2960370923366696
0.2876311332288114
0.27009899657967934
0.2563470764317794
0.24273340612734107
0.23513875732061087
0.2284120391968668
0.24229691618029237
0.24773426539780224
0.22997585870365544
0.1924957471645641
0.17848167241987012
0.20936662251959862
0.19765162554715404
0.2115084037179786
0.19512322565781132
0.19155048169592423
0.17319381250089955
0.1381616699519026
0.1455068648203287
0.1540007769736081
0.12720460513379764
0.11431456532997711
0.11783164491276207
0.07965103368685433
0.07824898932377576
0.07521795235335936
0.07413553460061673
0.0582402064918963
0.06402441033484406
0.06896689862548715
0.0785408901603809
0.06287064462596037
0.06989431656946951
0.06619595485752716
0.057089781540204665
0.04708099982334947
0.04458609095619373
0.03921603572555938
0.03953878839349789
0.026979637903833606
0.024495765334157354
0.02683398394694853
0.026196948856518583
0.01884297996408622
0.012383403371900038
0.014112758106698972
0.009280023520918971
0.007623234375506693
0.0035701217876947028
0.00650655767916075
0.008134115662284485
0.007846700425745808
0.008968003384016059
0.0055579903047044315
0.004198984457792121
0.0040628721523347025
0.007637761047643967
0.005609883913829716
0.008389396409901016
0.008222832809880566
0.015263012139555521
0.01839343669850979
0.01831880020700216
0.024968979874118707
0.02255887692252601
0.022712641131884172
0.01691616541787659
0.019461172351841943
0.019523877489882706
0.016140582280209606
0.014583785868045903
0.01949091075976568
0.01914402295742443
0.025531181565792285
0.035628309191740495
0.03721385054248818
0.045443699275224514
0.049119701474444624
0.04919835609398403
0.058157041831329394
0.06097728172996649
0.05449317742660699
0.050812950022146745
0.06497248739859901
0.06612203773887945
0.07312519497149823
0.08722667285326223
0.10271969764895993
0.11205152217218609
0.10180267313566031
0.10307996957286343
0.11140368783197097
0.10874644108606323
0.10950979988300079
0.12277383953349853
0.13041512210944403
0.11955058117840213
0.11313391459696803
0.12219100843865047
0.14188070978675746
0.1792261544826325
0.19597445002912778
0.19135332204231453
0.1814657773125164
0.2032998573254898
0.20933075214575142
0.20986156983024196
0.24209644400665983
0.2524325441066561
0.25330115660506597
0.25929822935467134
0.25545290119260905
0.26817980827140914
0.2798351464981938
0.29193863785129887
0.3061836153926902
0.30066370443344725
0.3001764148311761
0.3246642942662767
0.3363931915748969
0.3130013963610858
0.3421206242661606
0.3303428705029139
0.3081336723725684
0.3577642232541063
0.38638943018422356
0.3419400428016867
0.35413405371445883
0.3736439956621234
0.40410477359538804
0.37088415720940643
0.40565646608512473
0.3958528495314582
0.46733998011513594
0.4776135917587107
0.4881252445687705
0.48404471031074053
0.4676556000740449
0.47260321106278325
0.45069856349804527
0.48949423585179613
0.49303289015190993
0.5149190009030371
0.47523597735166084
0.5123855375103367
0.5050759093199255
0.49105461741052064
0.5822523514750508
0.5758410014467545
0.5224207088855716
0.4848293377332988
0.5212463935896501
0.5476845446086775
0.5051290358181525
0.5327841266040081
0.5392466656060344
0.6075865704174568
0.5954068907691057
0.5816140348097604
0.5232555055285477
0.5777459783799845
0.519311959025413
0.5672895518754235
0.5710400881317559
0.5630412821832116
0.5968311919984062
0.5782329775904222
0.5157885931802013
0.5302231347340821
0.5556325715517609
0.520719586334547
0.5727608131401052
0.5655017112981239
0.5865140602912969
0.49007946716360473
0.5413004083738148
0.5261895199373443
0.5138289392242111
0.5442133637655905
0.5407895333743205
0.5225182064904287
0.48943911868327805
0.46663637408563985
0.4745139428194338
0.5255690249664172
0.5028593667082734
0.5129804503053692
0.46710486166383663
0.517098765908417
0.5357371212488264
0.5211662030690438
0.5196885183697797
0.5164908212949678
0.4558172697273104
0.47050425960087777
0.49052656131807376
0.47986352558770545
0.4329359234049806
0.50179646225641
0.5135814339891196
0.48653338705276666
0.5200407895017939
0.4581395146794361
0.4596713626653831
0.45856296580263667
0.4364081805768682
0.4361691413117973
0.45620160222065675
0.44885903766688495
0.40693669556251744
0.4411820722172064
0.4589377599867845
0.42973884959147085
0.40392934105137485
0.40188994231780373
0.37416416838052297
0.3816129309093248
0.4053871357200471
0.37988697039523617
0.37479848456958503
0.3660911152582851
0.3491151366413224
0.37636360947389197
0.3971057220254356
0.3056663729731041
0.32361897017060887
0.2831610596837437
0.2984152307758157
0.2939317337250365
0.30147975756198675
0.3088157593732707
0.2770092667543235
0.28471207551988675
0.2657855861534926
0.24580558757767249
0.2535015386433762
0.3212872739545733
0.29288618037712916
0.2454874256711403
0.22645742953094908
0.22778582916536588
0.21654168390537828
0.19379617959432963
0.18880415006923615
0.16983337234041626
0.19918181873667082
0.17419787731936376
0.14329270024859794
0.150305249473339
0.1516408205265067
0.16707559886705098
0.14183302712481954
0.14747892000438115
0.14241724891638674
0.1399101169323304
0.13808435814533204
0.1298501888101743
0.10972579457827834
0.10655113830165411
0.08807446051635144
0.10160999907610896
0.10392751917211349
0.09928818882767024
0.10565964241933944
0.08302023684984958
0.07408465405430482
0.07313305207427812
0.06281679092550813
0.05569434632948187
0.04823740267060959
0.049749658609870615
0.04190242060635655
0.03954139354842028
0.035764345136087165
0.03074206473645749
0.026915963895492962
0.022936271415050745
0.024597137329341177
0.020619118762081
0.02582303704278467
0.01644530004360961
0.013876676476095137
0.015694173577869036
0.010929413715341443
0.007520969872649646
0.0073099690733813925
0.0047209299612327735
0.004916037787141981
0.008516302083778942
0.005736920777776253
0.003825731820030508
0.004033130911306235
0.004073085791269764
0.001551696111898721
0.001842164350539843
0.0034245054637787715
-0.0006671997134658205
0.0029925454558816108
0.004036424073104782
0.004041374437968889
0.00787412625461581
0.008689618330097052
