-19.868745563574276
-19.806532037336318
-19.754503989735248
-19.700199562554115
-19.648161247209075
-19.5678352445776
-19.505609119975688
-19.427520592552632
-19.36528568192143
-19.300825319204947
-19.246534777074146
-19.184307157433167
-19.114133463487743
-19.05985025826094
-19.002003198827968
-18.923073073274644
-18.873162961862462
-18.821064269127326
-18.740741924941442
-18.670543799793418
-18.600339765469343
-18.54821819863764
-18.491821159930065
-18.42161488593027
-18.359385283451402
-18.30725453683907
-18.234930257175364
-18.182794209810144
-18.11257370625984
-18.050345310114018
-17.980119958308137
-17.915823018912548
-17.85566880275254
-17.793446949857948
-17.723217476518833
-17.669011426823776
-17.60679804976462
-17.560621677399233
-17.508462161202473
-17.508462161202473
-17.39409429232004
-17.293780838679982
-17.23159540297528
-17.17139991944458
-17.101180264840806
-17.049007845253907
-16.986825182280032
-16.934649136755965
-16.86442530710432
-16.800305237289464
-16.73814175648122
-16.67791380668622
-16.615753716922733
-16.56357372417082
-16.49335959385507
-16.431209198689828
