0   0.06
2   0.06
4   0.07
6   0.08
8   0.10
10  0.12
12  0.15
14  0.19
16  0.23
18  0.27
20  0.32
22  0.37
24  0.43
26  0.50
28  0.57
30  0.65
32  0.72
34  0.80
36  0.88
38  1.00
40  1.10
42  1.19
44  1.31
46  1.43
48  1.58
50  1.72
52  1.82
54  1.95
56  2.08
58  2.21
60  2.40
62  2.59
64  2.74
66  2.89
68  3.06
70  3.20
72  3.44
74  3.63
76  3.83
78  4.06
80  4.25
82  4.43
84  4.62
86  4.81
88  5.02
90  5.32
92  5.60
94  5.88
96  6.12
98  6.31
100 6.50
102 6.68
104 6.98
106 7.35
108 7.69
110 8.00
112 8.27
114 8.48
116 8.75
118 9.01
120 9.26
122 9.58
124 10.00
126 10.34
128 10.80
130 11.12
