3.7163240364322276
3.783394191377135
3.85135701452619
3.9184218515826523
3.9854759365301544
4.053469444120396
4.103756234023882
4.171773553188184
4.2388169101228375
4.305848640297239
4.373893963804383
4.424162740729073
4.491177148908352
4.559247992118483
4.6597510150074575
4.693245668043497
4.744593678246801
4.812707256013352
4.8964399255705375
4.981319187958105
5.0303684533121915
5.080577525159049
5.148717146320656
5.200138059489521
5.267077556221201
5.31727272785933
5.385448674420144
5.4523635880668735
5.503829491775547
5.5874573351649985
5.6389436626189
5.722552467143729
5.790778397890463
5.824214930029598
5.892456312278493
5.95931675286409
6.010859350371604
6.077706600642756
6.145976698381939
6.212805972150297
6.282560846750892
